v -0.246155517223537 0.595575897218672 -0.285972519312123 0.017163841872937
v -0.316300327458263 0.617689233358268 -0.275999998268935 0.014533472478718
v -0.048315743213497 0.786635389001926 -0.210727872705492 0.011794297209943
v -0.01263372963952 -0.163604865424918 -0.459879647626782 0.177974918071589
v 0.070582853825567 0.451820455884657 -0.336057170426524 0.023404905444478
v -0.022141556027441 0.024665262076878 -0.357519237924286 0.172794829900103
v -0.002576486016953 -0.166687760615607 -0.372577105419487 0.218190211488824
v 0.399253821163176 -0.165386301291395 0.146283740679145 0.027616731838997
v -0.011830528636071 -0.289188733286913 -0.477827796302575 0.132050245939013
v -0.00440261165885 -0.286236993123942 -0.318962330948452 0.188056984327313
v -0.040292595676976 0.190051142842743 -0.365658178208541 0.113502263662575
v -0.389042676020777 0.012527772072939 0.124888442443807 0.020006713247412
v -0.080882901539982 0.569558228510222 -0.295679804016041 0.020962535973428
v 0.002483705107747 -0.095763713306906 -0.358116475834938 0.212508743466933
v -0.226857430076365 -0.222305268271626 -0.079663265024034 0.047794392995919
v -0.03250879364013 -0.057562420766454 -0.354012056470593 0.181632752886113
v -0.511731224661906 -0.540426918542119 0.333773101138285 0.029287538496887
v 0.086807757413545 0.615569359980212 -0.324797273482524 0.026885658548413
v -0.005301999722457 -0.188387457898515 -0.445732101795673 0.191810721506021
v -0.289411888166775 -0.369097661485064 0.090940615062738 0.038355398707001
v -0.636192841362659 -0.255002048476926 0.34787220106058 0.014618612232486
v 0.048404669802364 0.053872867446602 -0.825178275405358 0.011478267195415
v -0.297457918104742 -0.124769712142008 -0.015967867946957 0.031577506380922
v -0.046537394411986 0.052538936641986 -0.821050945807086 0.010593603714185
v 0.084006376925828 -0.110749718206199 -0.489797007300391 0.11737021422786
v -0.029470771595106 0.001146051380206 -0.360090731569575 0.175243165944704
v -0.432945852319714 -0.157958435269728 0.176876760513939 0.023185298022543
v -0.330277387869812 -0.118436726736097 0.038305434338502 0.027640855019776
v -0.127714598714443 0.076881559212897 -0.498021580123272 0.056213629986313
v 0.277500660025261 -0.035248354671463 -0.097375384945484 0.024086992876469
v 0.043185161945171 0.131596834007904 -0.403487439618685 0.104930437447232
v -0.074918706403228 0.011137704612563 -0.405580028040915 0.132257030079008
v -0.000763224074762 -0.685630341685353 -0.137353873819857 0.074744185578531
v 0.048703693177201 0.007050276653119 -0.768809211105852 0.022828987838444
v -0.615881747853728 -0.578014094174976 0.395221890391148 0.028135697302417
v 0.651346471748974 -0.430635976218629 0.359275851211049 0.032422494318666
v 0.41271665061059 -0.49767666719903 0.270901596034818 0.029042029854557
v 0.550685616024674 -0.553648415575739 0.342406926359145 0.030267485984927
v -0.138422820543771 0.525069416446639 -0.293405335288966 0.017073663728279
v 0.376034283957524 -0.128501103641668 0.115591406779152 0.030455302575658
v -0.056505595940508 0.148599495248073 -0.372932044027752 0.113208587330243
v 0.037387178140623 0.49778917878137 -0.316076128573049 0.036885400251975
v -0.29862071009343 -0.014229487571146 -0.059947268842396 0.023021673513395
v 0.083890679438457 0.601135894187379 -0.302790165622061 0.025028058019209
v -0.542416156859377 -0.559438087913817 0.349204470713687 0.026489702697239
v -0.331950809315934 -0.218872846376967 0.095634954453459 0.028355752798095
v 0.038672623523768 0.627590327003422 -0.309586082250411 0.01646578570212
v -0.000575768603761 0.257935801699833 -0.363239556202411 0.12994302365903
v 0.011458835696771 -0.123563432582047 -0.346839583759496 0.204295638515599
v 0.34754978868558 -0.30496642136458 0.169920939680532 0.033291846539569
v -0.505120280101495 -0.233639285710192 0.271933308523094 0.026969466402373
v 0.577162077387204 -0.441342483464271 0.336366604930091 0.033952449846976
v 0.018383358867479 0.084274464772883 -0.363941355294973 0.150587361929333
v -0.352717302313177 -0.171076337200413 0.107700971156511 0.024738806190038
v -0.398715344045943 -0.076537783224083 0.145713799833591 0.022130705142885
v 0.540963685659141 -0.149408983404836 0.278442147766878 0.018153335922344
v 0.474573514028002 -0.46740592871906 0.305760615607218 0.034204022089374
v -0.540674291229458 -0.102776453120162 0.284324168283107 0.016779191956706
v 0.063199521065743 0.763308939194991 -0.309589345802592 0.013352253283912
v -0.012729886657232 -0.281507625606549 -0.495113366480495 0.124309763116343
v 0.149250915194532 0.651587696755708 -0.305286744328375 0.020465072140803
v -0.225539119863494 -0.023018512176448 -0.17969213690259 0.020824028270823
v 0.563877103233034 -0.32433350655216 0.30197096978889 0.030473562201224
v -0.296827379848157 -0.160498022477258 0.013220807036067 0.032123905026709
v 0.001629717102852 -0.596684816019168 -0.290841922579885 0.077571675030553
v 0.008723311183287 0.138068079445683 -0.354347516387877 0.149560385147964
v -0.403467748618037 -0.454092791736167 0.249986952980922 0.032123249520245
v -0.686792658894865 -0.354148887825026 0.38411987010482 0.012861537965324
v 0.043185211645614 0.865345784632518 -0.300534226932617 0.01667703302458
v -0.242755551346117 -0.070541781208362 -0.129405475856759 0.027560779582767
v -0.258030823085294 -0.105989861131541 -0.089538717404681 0.030480465987004
v 0.498664990914324 -0.228015732761366 0.252259090580937 0.017781478288807
v 0.191369678874239 -0.144705444712435 -0.134659602184781 0.033746777453427
v 0.068732099333512 0.659234636951281 -0.330922681414481 0.01696430216405
v 0.38787645254038 -0.477488554936357 0.248734008621957 0.030910041746732
v -0.202898759450591 0.708217389851164 -0.274275290290774 0.032490191338047
v 0.061065369828727 0.03856593945099 -0.383226581845896 0.144224868725493
v -0.229047960983372 0.040134722525935 -0.195755238614498 0.012541674211887
v -0.715425431218914 -0.402201496421204 0.411971321367942 0.023465712470195
v -0.000231977246887 -0.144666121353588 -0.386588078125997 0.217457900122121
v 0.002241438096183 -0.884441688965862 -0.181179965183037 0.022085698773718
v 0.064445183166149 -0.336929454348493 -0.249972622769056 0.117433199916945
v 0.097676226858388 0.128550135815599 -0.386516883361094 0.098825053961139
v -0.732872927592486 -0.43677810060814 0.416445792849053 0.019781103160153
v 0.665683430389988 -0.314200965985214 0.342922015666519 0.019393342070804
v -0.338073615189601 -0.294808027850176 0.145237320377562 0.034198828750606
v -0.010982379558163 0.117317709463754 -0.625954271596562 0.014181606145081
v -0.2088299875285 0.758160879757659 -0.256654976221527 0.024438398568188
v -0.079019062246003 -0.087178807516856 -0.470998323829754 0.127544835911059
v -0.539186350674624 -0.172012118247073 0.298082921279131 0.02183458363307
v -0.035516101600021 -0.000277719776831 -0.686474736530655 0.011023323564606
v 0.451970808471878 -0.314026212638963 0.248439478854225 0.030336354162416
v -0.495378871712455 -0.343035745584226 0.290890019230525 0.031602832950267
v 0.018072538668287 -0.004891304560396 -0.353414112379813 0.18076033944199
v 0.022476646452027 0.162394338406055 -0.565625942590316 0.030456231747421
v -0.010913435806874 0.738496271697841 -0.268266316742638 0.022654791419883
v 0.249451607474084 -0.055171379108857 -0.132979470701673 0.024709808507634
v 0.197613522575582 0.867097764770322 -0.362505007832802 0.019120411971671
v 0.245102384849519 0.865705326139456 -0.350648010308514 0.027494734794878
v 0.33287219593431 -0.034072585386891 0.005398440152993 0.019413717137158
v 0.158092573534766 0.690096131642315 -0.324537489729769 0.035749123614015
v -0.028772850786643 0.039740708945523 -0.664267110582366 0.011072787753073
v 0.634211109557906 -0.58184292040508 0.401665604822508 0.024384018168156
v 0.114677964248096 0.583151577983815 -0.29995848797203 0.014983530182982
v 0.045842211885478 0.141256359661525 -0.55729033019696 0.031256080709588
v 0.132294338340059 0.763287697091523 -0.285570821167202 0.022983550659348
v -0.669748749874802 -0.436490170578426 0.383550023344384 0.02893225553961
v -0.435242518147727 -0.508215805759356 0.283314414034621 0.033627571081557
v -0.230521755843911 -0.337323664340194 -0.009665432190759 0.041163608655135
v -0.249984213403888 0.018035916864556 -0.149500369244918 0.018546397897646
v 0.17352633654118 -0.10805020579699 -0.20002775587383 0.02661591298721
v -0.05681031540734 0.850099868105456 -0.248782733946985 0.020378074552073
v 0.348593475565119 -0.272008419649177 0.134344006784356 0.033523026682446
v -0.209967530247423 -0.285464098695475 -0.049336940520693 0.049241384906238
v 0.692538151095488 -0.435907718886768 0.370591569687798 0.031889283401668
v -0.26330829785551 0.637925629947885 -0.281236014353993 0.016852925256231
v -0.326461529698137 0.79989042492876 -0.27291607841987 0.029377346166878
v -0.345791697030296 -0.021813943993767 0.035849399103785 0.023901566478785
v -0.004478497030824 0.053518026822797 -0.349473715544086 0.173805330478878
v 0.187983230407353 0.745146628990627 -0.331959649782571 0.037398674272198
v -0.266350016248638 -0.443024661136701 0.085465546044501 0.025377535083945
v -0.27075036752554 0.680593114191923 -0.279762253590685 0.023700560441368
v 0.362281271503419 0.021957871921561 0.023117158557276 0.014119612432912
v -0.030653660324131 -0.349387300701249 -0.279230023680634 0.14140352849387
v 0.12067432800798 0.072021848366988 -0.437277381899234 0.08015911697821
v -0.212449104788359 -0.363328511834845 -0.054209323278194 0.03025607021214
v -0.08407230213264 -0.059128018922114 -0.442199595285034 0.133860977173482
v 0.578431926467343 -0.209134267343077 0.304575233753708 0.020267737160232
v 0.623333578786407 -0.547456701308122 0.384181827892915 0.027512812109892
v -0.428962075920997 -0.117001889532604 0.184467016341758 0.020895950664453
v -0.567766591182418 -0.29821185526373 0.312639804502121 0.030941739835223
v 0.040237431968826 0.005681002033339 -0.679460435597253 0.010331995459783
v 0.749340451589232 -0.443043918451747 0.389209112044042 0.027244839813131
v -0.661789696621728 -0.499340049851684 0.390829372944046 0.03129791911013
v -0.453498435753753 -0.32921048820885 0.259607256982965 0.030737399865113
v 0.471290892124178 -0.234897139454251 0.239722463825316 0.024304981433212
v -0.046211959799614 0.414385839273343 -0.323360656024806 0.050165053048926
v 0.546308908401058 -0.39281233689773 0.316046352351801 0.031577789423006
v -0.415002885316042 -0.19894782975451 0.163233343359091 0.028111253361446
v -0.396624621454272 -0.491115884483912 0.250197614362858 0.028503927266867
v -0.018447498184512 0.080488556074346 -0.643337320333711 0.01187521871628
v -0.393183573481053 0.797025622411468 -0.260609553040375 0.020461603050859
v -0.002860368652776 -0.196611895747012 -0.377264971884647 0.219769906813815
v 0.380965723392571 -0.246847649980639 0.172402988809251 0.029365064631582
v -0.398184261894803 -0.139976120346978 0.152318050563228 0.028148850559643
v -0.498301064041915 -0.494831408486824 0.309845083326346 0.03920523823655
v 0.278827667438325 -0.207553218180851 0.013642656170069 0.029691303348283
v -0.43374134892463 -0.277481011133005 0.215983270928886 0.031874412268633
v 0.001351115993501 0.696888758114679 -0.285909384603143 0.025857735673555
v -0.450420848891469 -0.083765384593661 0.202621315845614 0.019633519217346
v 0.030079145012809 0.044365534157509 -0.653474469174811 0.009920456381787
v 0.643366623745779 -0.336534503704351 0.335415157166409 0.018467828967267
v 0.241108808493378 0.810827145045183 -0.342803289303877 0.030962970442844
v -0.315934086233499 -0.351892885307344 0.139256198914865 0.033046673792251
v 0.010841692486683 0.129541270224502 -0.608410452640739 0.017492263284538
v 0.404444661794862 -0.201558103551004 0.170868051079727 0.031493736505811
v -0.047411625073063 0.015331249876236 -0.779011023538064 0.02181794603598
v -0.151594820795169 0.573908676691864 -0.292313353953163 0.019610448977612
v 0.403347605127498 -0.12829308279898 0.146238678787654 0.026564426357532
v -0.698076223613706 -0.520741280662893 0.412994800678983 0.020813854818943
v 0.305330512330788 -0.166367400008334 0.030512586948429 0.030483498476647
v -0.000482050426957 -0.585800728950911 -0.16489451334342 0.112373142934722
v 0.328500774992612 -0.318875371487009 0.136983126564093 0.031868301259845
v -0.426901560937508 -0.066249780531956 0.165647590373877 0.023265926277242
v 0.103928434234098 0.713097542315449 -0.340289527874798 0.021941081167448
v -0.260264668738229 -0.133675667073114 -0.045186463062081 0.027752703888793
v -0.479414104200304 -0.533302342750979 0.316581021732805 0.028570256356893
v 0.26889757654161 -0.1751254969279 -0.009945186126493 0.026468138390068
v -0.270437846908288 -0.032189204301943 -0.105408933338425 0.018925983734649
v -0.51210431320679 -0.127784777276451 0.272281430092493 0.020564618205056
v 0.453576259422702 -0.175708878691644 0.214572885163767 0.018886510003291
v -0.044030490076931 -0.007787742239526 -0.724440091502325 0.024452282497018
v -0.246424901779131 0.782089535919322 -0.253505278827586 0.0254006109784
v -0.632575011423285 -0.291999631742528 0.342773149775561 0.018613289804068
v -0.374950584001284 -0.017957218929276 0.115526669603139 0.022864027740389
v 0.045347031792008 0.000741113476398 -0.747368902002183 0.022000334817468
v 0.286227904649585 -0.084266527078516 -0.051968236056316 0.025474103695969
v 0.514534509397811 -0.198413782593705 0.262964994985366 0.020224657882928
v -0.599294022196201 -0.157575108489116 0.332549798106715 0.022246616191371
v -0.447489400319007 -0.382710364176629 0.262940610736087 0.035122161245282
v 0.047674578320707 0.026149780199798 -0.808315449181787 0.011584780006667
v 0.250537486714534 -0.40793099123933 0.029971971271782 0.025024098130715
v -0.062310356760437 0.80023696221163 -0.261113384466096 0.020387423329967
v -0.362567553429517 -0.338865699722839 0.171451859340774 0.027266173595443
v -0.383105673815959 -0.415954146466927 0.227072923920019 0.027966027325178
v 0.252209623829028 -0.019101214627543 -0.138970458573417 0.022913917913855
v -0.084047710949998 0.101932723411627 -0.552285313448871 0.035176890887079
v -0.506206258267051 -0.439129665005476 0.320520010944214 0.034702738960243
v -0.498778058985708 -0.164609685678512 0.26218195758069 0.02165516315838
v 0.309353510550105 0.87228078459139 -0.343778861688614 0.018109844911404
v -0.321383972709541 0.042460880646541 -0.066552028569574 0.017826993210884
v -0.360280264404572 -0.47877109014401 0.218258203108252 0.028140405220542
v -0.273862957719387 -0.22848465030025 0.024320498375484 0.024608085446216
v -0.661049648265634 -0.276733674288425 0.358238570990995 0.017094598568827
v 0.468562690375661 -0.129102262110598 0.220288334727576 0.02464092964994
v -0.003248896404969 -0.28123966644981 -0.381438319101202 0.18356665502533
v 0.067813704615144 0.817403067261902 -0.30181941405238 0.015611968513156
v -0.190113015611286 -0.294757405141068 -0.111089117583651 0.040640510942448
v -5.7157897999e-05 -0.585246520899189 -0.351500530347984 0.061370542804928
v -0.327803055662888 0.77258505245546 -0.274956392888359 0.032389410921372
v 0.60747585686488 -0.504959902000379 0.362391361662195 0.032021878765607
v 0.097707778536812 -0.02462255488298 -0.442062208163341 0.120914799280735
v -0.005266542572991 0.595957449563521 -0.284677078634031 0.022604468361605
v 0.742432398278569 -0.482404112989755 0.395492104389034 0.030123433200026
v 0.388040407227195 0.005425920479808 0.096657002743773 0.023760749425624
v 0.00051698216503 -0.122950687522278 -0.375015794946643 0.214333627021131
v 0.097901056703563 0.625431522119918 -0.302678900688187 0.027349290656021
v -0.039100576375955 0.54616686568057 -0.300941155292953 0.023800859925657
v -0.578662861332663 -0.576808842808301 0.372375192086643 0.022734424366349
v 0.027002449663809 0.831023763390112 -0.299937682433689 0.017610132120464
v 0.159038302933508 -0.269208264806047 -0.166563037211811 0.045263449122389
v 0.127179728884091 0.566752875502103 -0.332730255331765 0.012193133428722
v 0.08656866064713 0.145552528542198 -0.377215261609347 0.103999588454684
v -0.624916855735038 -0.170522189687567 0.353275769873867 0.024199655053982
v 0.051361284047606 0.582442740807823 -0.323453475745557 0.029920931345692
v 0.431529057550579 -0.193718444334019 0.190762974899656 0.027696825252782
v 0.685211444768437 -0.386530831399242 0.361227055158126 0.022562982143565
v -0.121040545675129 0.09394419571715 -0.458506270073345 0.06448218706725
v 1.7184407179e-05 -0.61745353267406 -0.150729627768792 0.10572608955209
v -0.168851912241531 0.606713542061509 -0.288441042715112 0.024674273610401
v -0.614642162558021 -0.216492478456525 0.341785064294818 0.021592115738707
v -0.550616368163094 -0.247591329185772 0.312165479311324 0.027681913066057
v -0.25917562575999 -0.360695848000278 0.040767833520581 0.032084683422742
v -0.204010021019754 -0.141763877308609 -0.135078850266248 0.034815257496954
v -0.186063287039975 -0.121603302188446 -0.164313774621659 0.029845352370001
v 0.520692493880826 -0.169153104413828 0.270371067368891 0.021907592855031
v -0.017241786211153 0.454833922460009 -0.323607677946972 0.05845182436166
v -0.448370071458294 -0.444298129722193 0.278863223824157 0.036214858947118
v -0.000147708637255 -0.819183411909414 -0.177518168022877 0.030943338003064
v -0.133474726866229 0.666621942206837 -0.270567235256969 0.022506077372497
v 0.051307589175423 0.696192646428604 -0.304606667382167 0.012920081655937
v 0.375195903985342 -0.191273615837825 0.134310293424074 0.029362804904335
v -0.417080782294919 -0.229912269272725 0.182398313330134 0.028357411530537
v 0.095062112916877 -0.05767968569387 -0.454068158212696 0.119571955812164
v 0.188190934818777 0.871013051639294 -0.289767314944635 0.015099488960639
v -0.666840990369097 -0.586541058986064 0.426129129857974 0.023168596421
v 0.671248259194503 -0.214765786055118 0.329649068242179 0.008593423763652
v -0.371037196697735 -0.22240590155103 0.140610560373928 0.036778232019274
v 0.001983546515666 0.512424160696013 -0.311957496865179 0.040410572309799
v -0.57622218465667 -0.185848555851545 0.321394533411479 0.025521145709466
v 0.204341774679125 0.760575086902064 -0.340607505228862 0.032433083622245
v 0.598606290543066 -0.37713489378848 0.332769871302647 0.024086257714441
v 0.429358892925428 -0.381508882197354 0.266655528824849 0.032553550072584
v 0.274174862196235 -0.43849302368814 0.087910163195889 0.025914589036255
v 0.530943271759692 -0.127339766180237 0.274772015430796 0.017568141024679
v -0.113021140697182 0.600514208012584 -0.290383960452886 0.025861044055924
v 0.429055115178826 -0.460890603031864 0.280924971811894 0.033662758662505
v 0.131421078162826 0.687907958737867 -0.318278098098149 0.039194085059129
v -0.258298938526913 0.052568085833004 -0.157678156286085 0.014564323124136
v -0.25618441205543 -0.299517989479033 0.022549548857636 0.043426724847656
v -0.313016057608718 -0.214013749402887 0.060014890345804 0.028565094238653
v -0.341663300225834 -0.397660403208492 0.157787388735844 0.039235799311753
v 0.206437167484705 -0.352926829070504 -0.061128437838421 0.029513923383937
v -0.247603592573658 0.81868821648104 -0.244464965517875 0.017454979018171
v 0.010460604681683 0.258975693718543 -0.374274863016501 0.125814326142011
v -0.304783847130214 0.016470877140061 -0.068623369581496 0.022415380865436
v -0.299694589575647 -0.313806861387321 0.091407656255641 0.036451107591044
v -0.261793851373803 0.839858297676477 -0.238123417367593 0.016226513435881
v -0.021594717811312 0.691820963066457 -0.264274166580779 0.020766719645619
v -0.377667069835219 0.764893548412099 -0.268809268002499 0.022982107473556
v -0.196356059549314 -0.221843521203148 -0.114200134455274 0.039532900001965
v 0.096691947425322 0.634749338658137 -0.3355445184584 0.026106421448552
v -0.484558082692968 -0.298793962317841 0.26610070120471 0.034818259931102
v 0.246035109476441 -0.090105279345288 -0.110060638759985 0.027448904808863
v -0.229106934446035 -0.101482477594451 -0.121556857062835 0.028911708004779
v 0.070632969299732 0.613039411731457 -0.33521435871492 0.027469212235456
v 0.535537919736027 -0.28411597569263 0.290005512156696 0.018393501361836
v 0.054511352790461 0.475403911960862 -0.33846177573616 0.031337059317398
v 0.318969225442506 -0.21279363904087 0.07023836460372 0.027709735194629
v -0.379611059227292 -0.168217217492715 0.138530580802765 0.025667333029291
v -0.002197132273608 -0.473785443270906 -0.341936150236994 0.101992956873398
v 0.460952777759515 -0.151755065579345 0.219825831086435 0.022498696688377
v 0.423250576613092 -0.020238775947257 0.157662792271566 0.0218805521873
v -0.516797938896485 -0.193916781657236 0.278361615469373 0.022119467427246
v 0.077637773951562 0.572363424693042 -0.295210277242025 0.026350414756051
v 0.059364512827371 0.124324628852165 -0.550561304026731 0.032054146656363
v -0.403408585575947 -0.105282385037805 0.15169417116164 0.024993530691678
v -0.292804716509364 0.793715109455554 -0.271612959430575 0.025484980538871
v 0.194068724263416 -0.285370991450934 -0.06349324021478 0.038382432255237
v 0.144680164193989 0.721662354834738 -0.315722750447965 0.039677069231916
v -0.134679650338259 -0.328514205323626 -0.19478716574869 0.06058870723255
v 0.470623792504975 -0.343944971808124 0.274544319663609 0.029732152681931
v 0.30222502549987 -0.009086121045235 -0.068734346911843 0.025411869713962
v 0.229014214118147 0.034124807223544 -0.196910858201837 0.011890111841044
v 0.396538120930823 -0.293816441794022 0.205320667049069 0.031142449170722
v 0.042274547657618 -0.009400953238845 -0.721744313707797 0.023014158571936
v -0.415048739969397 -0.374423079942668 0.244383359962274 0.026862188488495
v -0.276112344068321 -0.072048181322099 -0.093754019293678 0.019976176966702
v -0.177654023783188 0.746959148882721 -0.258840619155673 0.021313443976506
v 0.133255108397771 0.61538512716872 -0.305851871616392 0.016107572115592
v 0.683330490236122 -0.565346930712649 0.412195739096072 0.026806622979024
v 0.641165033682233 -0.25685758804758 0.326426849306442 0.025441042281565
v -0.345208007015456 -0.142382424144376 0.065875488726212 0.0342930975472
v -0.601426902511995 -0.409369322317004 0.349841762445515 0.02696448103697
v 0.136365737312439 0.595593287398338 -0.329825349514184 0.012600895048525
v -0.12225047966583 0.016956151404702 -0.489259264083199 0.077599848248766
v 0.007411128728467 0.622037888495203 -0.299027198986377 0.024922722053167
v -0.613123784973479 -0.540860326167729 0.373201362824938 0.028905434435403
v 0.234884909941472 -0.129793185701255 -0.101348725088451 0.026368723443842
v 0.332043122876424 -0.12460734627976 0.053408759370246 0.023121022123379
v -0.04849286623607 0.030577473345739 -0.791631978770929 0.016474529498533
v -0.089623646215838 0.124073744310516 -0.416720411299812 0.085931516223496
v -0.329330695035537 0.723083449236068 -0.272611794146156 0.022134467482492
v 0.236988191157794 -0.324080216734172 -0.002353705477325 0.039495399321366
v -0.640344609737208 -0.423928292954272 0.362948647076153 0.028150249927146
v -0.259658316441386 -0.42214958410024 0.051830566378569 0.028310854373372
v -0.09547167648597 -0.277513041610974 -0.246695308054406 0.113649387922121
v 0.219600890327725 -0.033664953237412 -0.180509536923292 0.015339739517951
v 0.001305095755288 0.242333193170515 -0.360020181574748 0.134072015870816
v 0.182187362199911 -0.151630612794822 -0.163941313632139 0.033799322882783
v 0.007420437129385 0.725670523345194 -0.291449562985327 0.0250007111065
v -0.129141445777797 0.563264980291558 -0.291538064930214 0.024641237048607
v 0.611067194764918 -0.181444937560929 0.328077124489044 0.024371561823626
v -0.34429147749698 -0.253611034591457 0.118098683290225 0.028918891231026
v 0.370171981041558 -0.347161080208678 0.203552500361416 0.030255566434389
v 0.02118836093534 0.231942030516903 -0.371657544441005 0.127802607146977
v -0.001910218906183 -0.388918283849932 -0.412216023835022 0.124033470939805
v -0.178758712328933 0.681984697372798 -0.27974418130601 0.033443087019136
v 0.611391024301507 -0.431607405945338 0.348217455497781 0.02958728272287
v 0.005057534398709 -0.106540799685094 -0.357889121371207 0.213817434086129
v -0.54504723597772 -0.347752560296305 0.316471956541965 0.028901718776892
v -0.451592889822301 -0.242924800853605 0.224916481237508 0.026884248838942
v 0.272927438981386 0.011976102282764 -0.115573426311871 0.016670334385038
v 0.19661227331401 -0.186627976916073 -0.124751600166711 0.030933378159444
v 0.048126515232598 0.024222675939283 -0.783736581113302 0.020544132345969
v 0.650327952967062 -0.493903927871439 0.373534988629894 0.029523481389925
v -0.266021497774666 -0.239931166165446 -0.004742220175482 0.030401492879165
v -0.198724068062544 0.633163928869456 -0.291008964020105 0.021294865609101
v 0.046933695128769 0.534541571921883 -0.30900166667098 0.030585019845775
v 0.420412134110305 -0.048172669926486 0.159263307529355 0.026663066608511
v 0.586457476395948 -0.565752608843496 0.370579959212709 0.026717996595575
v -0.226990584731648 0.666232958873118 -0.283110026810251 0.025665482071446
v 0.050125851627351 0.65759834887268 -0.306611906318994 0.012344368266061
v -0.684912466225347 -0.404234072926763 0.388530099171353 0.027750740443211
v -0.584218174175888 -0.36012073366597 0.333393016445477 0.02497498313924
v 0.094292126890427 0.085221019771313 -0.54215720693614 0.037683827473291
v -0.316973719261637 -0.101848486127694 0.001296118807901 0.029084107632209
v -0.32068794431406 -0.474293109438529 0.175614909601701 0.025140820776576
v -0.00483621257073 -0.29436360553666 -0.419358105207747 0.16732575304856
v -0.469279982815942 -0.215980244883655 0.243519202195914 0.02364311322704
v 0.480782262426798 -0.19540326891426 0.244871476468198 0.012977149400511
v 0.24250953765601 -0.163461272281461 -0.048293105608179 0.024795577750879
v 0.276353225762461 0.891580618039572 -0.358637436604763 0.026127328026291
v 0.683611144057419 -0.591028806156378 0.425841670135719 0.028334991779313
v -0.54092667928773 -0.137539783149345 0.29279472857851 0.021613275392257
v -0.046114396503433 0.872089167620106 -0.246847900070249 0.016895825152203
v 0.733583579155028 -0.513857296130186 0.403253179098213 0.025278897875141
v 0.225946177739169 0.000628794489209 -0.187219860393215 0.016789970674385
v 0.06621854373464 0.88891217399863 -0.303660311245047 0.016029846940584
v -0.361430748214057 0.813234710334149 -0.273166770796067 0.033173826680721
v -0.245692707233515 -0.020830922672546 -0.141429660629841 0.021841407978995
v -0.048950831790451 0.006823951496814 -0.755023850278811 0.019945308561571
v -0.281036923137751 0.004874722760542 -0.109863446392952 0.022852100932645
v 0.002274312767158 0.281832414760067 -0.369887192895843 0.123562072882727
v -0.559222132766399 -0.511818492301516 0.352071726699613 0.033438202161904
v 0.291918884286888 0.034721564597028 -0.096933499642078 0.019704259336043
v 0.622855217290596 -0.219362648761867 0.324419019903111 0.024021746414929
v -0.352032981989006 0.023802732932338 0.044896361991489 0.023669541536856
v -0.546409037964202 -0.222449304399771 0.300064131172818 0.023036605393486
v -0.386652888322023 -0.361113352791625 0.212149264412234 0.023346065501589
v 0.232840881776293 -0.381086363064711 -0.013322253579074 0.025912451213589
v -0.041053578153791 -0.147501330584877 -0.326480182089196 0.177365501452472
v -0.004452597580353 0.567901742697473 -0.291051117831902 0.027117599343607
v -0.424100669928363 -0.027673390477538 0.163614748941984 0.024582201746
v 0.325282825047524 -0.358735417852055 0.139839571231424 0.036242778823048
v -0.389756473863413 0.739703003290057 -0.267922726159217 0.018889917495106
v 0.206100954519981 -0.077610238029863 -0.178759983129957 0.020208619347153
v -0.156150804645314 -0.22549563764296 -0.19543256314932 0.052911199886337
v -0.237892817829324 0.719754995033586 -0.283932986256322 0.036480635172343
v -0.382060037707632 0.831169456248946 -0.272216346665219 0.025417293930299
v -0.001787086139755 -0.227831954906703 -0.41172479894131 0.197769123330638
v 0.463765919192388 -0.273373438592937 0.240965253857875 0.028798949036087
v -0.657258336104798 -0.559911807092787 0.407171625705705 0.020849659382306
v 0.522027594798892 -0.448456603620431 0.318340866957766 0.030732525768813
v 0.558862378185817 -0.489359817176883 0.343588736171487 0.032432663527936
v -0.596678308080166 -0.261746943703708 0.329212654713299 0.024724185013883
v 0.355196797373816 -0.463102344471734 0.204312395686488 0.031845339690183
v 0.191949235280667 0.70434431872209 -0.333551166212204 0.024706167102061
v 0.187841491963287 0.799411915452238 -0.328322737986749 0.043906399096334
v 0.034556474872474 0.593106238107005 -0.311176520888846 0.022795159100065
v -0.005743195397501 0.168120761193302 -0.580337843910219 0.033360345618582
v 0.001246996222998 -0.174751668658029 -0.405766512849325 0.217091518798726
v 0.220590433821995 -0.087642477230088 -0.146581238597588 0.027281151671223
v 0.685954747774516 -0.5081619392599 0.387842383414139 0.0268913533691
v -0.453531960263583 -0.123143848085638 0.199481977595604 0.021420046509627
v 0.254143833020557 0.013669380655819 -0.154309170579612 0.019014350805071
v 0.018341429028567 0.095229792465193 -0.62391526868868 0.012763875907246
v -0.19138618138891 -0.342602131229644 -0.103382587141174 0.03714667461092
v -0.223137190888205 -0.157371035430398 -0.085075388156717 0.025543013103326
v -0.545074587666725 -0.4103170201524 0.329016270098703 0.030292334112906
v 0.265044434862503 -0.410125149765221 0.063638213312997 0.031153011728525
v -0.137129996689847 0.633863259773308 -0.285112833524975 0.027051536270161
v -0.11946876094688 0.070865730687121 -0.527081310264223 0.050277977740398
v 0.717787315588078 -0.413435416297836 0.373659821260128 0.021349912507714
v 0.303126371377978 -0.101276531561034 -0.007827619529861 0.022325262489643
v -0.240398853645481 -0.387569840869629 0.003422341395471 0.02994553158765
v -0.620008762051139 -0.484519869604747 0.36742415443234 0.02931996120479
v 0.262353774861766 0.835577397292458 -0.351934071575624 0.029318224157334
v -0.654275005079953 -0.181281701127015 0.371605666379919 0.019163742423884
v -0.218382781653391 0.810563939904412 -0.244652665952848 0.021717750114883
v -0.371398936461669 -0.07532634775571 0.110794060696252 0.022236978466722
v 0.325276713923103 -0.075977986678798 0.007842340960979 0.021654312305003
v -0.293730353730142 0.723592534315307 -0.275735828704879 0.029544028214328
v 0.000826537136591 -0.633150071112763 -0.236791300845396 0.078809859413026
v 0.3102610624032 -0.28091534434348 0.09351502531838 0.027141269549655
v 0.316231147380126 -0.118818678994486 0.01468691607765 0.028422464546943
v -0.000895382556981 -0.187927714042937 -0.394473483976212 0.218703024571744
v 0.287061193894438 -0.057829283730282 -0.07159941018362 0.026180745456114
v -0.327325704076119 -0.070903580092916 0.022811290185172 0.024462563174456
v 0.114026217328181 0.660779275164809 -0.303908218352877 0.031473121439184
v -0.068575219360268 0.469372837719755 -0.315761257813597 0.031134900723049
v 0.186469371283705 -0.3432040300916 -0.106899807180588 0.0348320480482
v -0.392708734085255 -0.28202643483816 0.173225127054165 0.029443822058201
v -0.222754094454283 0.009632035757456 -0.186975963773528 0.018502798978893
v 0.514852570453372 -0.520568219433564 0.318508984885005 0.032352748348211
v 0.003351932191499 -0.458408082426896 -0.276340510513815 0.122965900970407
v -0.485294620412616 -0.39178308422626 0.297851836199086 0.032093900358849
v -0.002632445690824 0.786183171062247 -0.287180285464709 0.018701538261596
v -0.471819333368902 -0.484035715014826 0.296095868723899 0.0449621107463
v -0.004487540209197 0.649822408259587 -0.281518039010408 0.024908583623797
v -0.037890777206521 -0.031673451749302 -0.36545418094106 0.178330126032089
v 0.460633161970652 -0.425311145978069 0.29065755748812 0.031983245245996
v -0.265354721796602 -0.18785275052026 -0.023853972334456 0.02997101810164
v -0.708844858267773 -0.470137710119171 0.411199598027777 0.022365988555062
v -0.34733063280545 -0.426563616766789 0.19754744707572 0.03075935284696
v 0.30024027966966 -0.436825441618751 0.125350985132385 0.033263295058027
v -0.214438371237304 -0.070319625633199 -0.171655708422036 0.023795278309936
v 0.10949320695281 0.672755506314407 -0.336696014959287 0.033009645722217
v -0.00089418697214 -0.527525801352591 -0.236973264339455 0.112963376050482
v -0.620419433505096 -0.324935015654288 0.342945451974324 0.02075250471481
v 0.000396824574136 -0.563299623873462 -0.196518064087752 0.114036053789153
v 0.683391722426325 -0.293286086698098 0.341371289785707 0.022468233692813
v -0.284401809215166 -0.077364526975536 -0.052736559935194 0.024826106850323
v 0.002268600533769 0.12862646317983 -0.347418422667364 0.153477694095557
v 0.345795234792729 -0.153899843080886 0.085875679616857 0.029906558698257
v 0.001886485496035 0.011027405798177 -0.348821743739729 0.180651489689272
v 0.177083229127149 -0.266424788807603 -0.130614794353122 0.035560816232838
v -0.045335354392676 0.143370335008758 -0.568458074183019 0.032846979448098
v 0.368985063849108 -0.406663143691366 0.227962579636321 0.035754766688205
v -0.010355754990478 -0.184966168312509 -0.341969510823149 0.209155403375834
v 0.342394414936128 -0.010797826558872 0.007996689833852 0.01928559127076
v -0.2762676589307 0.039685825160221 -0.12199544765525 0.019651747058839
v 0.588533387779856 -0.346182087318103 0.316135438855535 0.02475691566709
v 0.092245932612447 0.507280548646357 -0.334200797878069 0.01084268178841
v -0.36707718144311 0.705631816498511 -0.273374012881361 0.019425170200404
v 0.013276655872175 0.225673820271208 -0.35855000628075 0.137388718568501
v -0.003070548696896 0.350858328555069 -0.355349351692189 0.099560755140992
v 0.661126560673612 -0.362279748609741 0.348334072963343 0.020801969793025
v -0.001511984372822 -0.518909944952881 -0.393101336729225 0.074508297801554
v 0.163818268078834 0.846421421237188 -0.286936835918391 0.018902090575737
v 0.326543224789895 0.040289273332684 -0.06816646811262 0.018631352022046
v -0.021435562602447 0.815158160385921 -0.262410861796377 0.016599289406554
v 0.019238024968921 -0.25379969445403 -0.317709366204362 0.190534929267885
v -0.292617674108248 -0.25422336683735 0.054781413426906 0.02668540195249
v -0.026985142277926 0.780742450565737 -0.260511745992629 0.019381196781085
v 0.347907459499672 -0.225718488006441 0.115678408239954 0.030158761736921
v 0.117851419032356 0.027182720991135 -0.476540994671769 0.088058312431892
v -0.008896222465232 -0.377509633253674 -0.290541236208774 0.150640217760386
v 0.203340252513432 0.839130967439632 -0.334919029368338 0.037103767085979
v -0.560796864780908 -0.466487707464447 0.346124406004565 0.030331443402906
v 0.502500792720159 -0.302533773980057 0.28042810426864 0.020014784852628
v -0.352830238399274 -0.109086366891346 0.095290508161945 0.021904929902348
v -0.107173688234301 0.480597702557453 -0.298882667778664 0.017369979007397
v -0.394755150764462 -0.037403990064691 0.129881414230797 0.021756110080088
v -0.265877598213122 0.776378831351502 -0.266620403266667 0.027998374864
v 0.206075942284747 -0.203595114277992 -0.09307881311761 0.032802232990794
v -0.329720307052491 -0.17586062397732 0.064102968564486 0.035886240673835
v -0.476300653734806 -0.069293532463111 0.229364425949657 0.02307940357456
v -0.29966395019691 -0.048185199388364 -0.053297300845593 0.023074408310496
v 0.285418599365379 -0.262962700522056 0.041065029199754 0.032525809208155
v 0.218906483453723 0.857534996887641 -0.298653104432128 0.017397414725745
v -0.51126927948346 -0.27547242455104 0.284927222076129 0.028396226767091
v 0.434138739203998 -0.246191966591337 0.210818496260322 0.029027766563182
v 0.361876764672482 -0.088176667046031 0.089125039087218 0.026355816530824
v 0.148752881141552 0.627354887229397 -0.331357913794905 0.012777277234962
v -0.173478017061783 -0.283012600673923 -0.151775083613136 0.046208519854042
v -0.417327479007998 -0.313800011925874 0.223362267297625 0.030509795109048
v 0.247604623584904 0.888008311241561 -0.357923493462388 0.022253738978683
v 0.462647566638308 -0.515413992288795 0.300722667803161 0.031972635688208
v -0.002992481219351 -0.210110924929968 -0.349932678030839 0.219903883037361
v -0.097208075400414 0.522784995005267 -0.294571092655213 0.023662762258067
v 0.15555690336672 0.809195141545694 -0.288602923987661 0.021734874929519
v 0.161383271410621 0.759431968644809 -0.328487067612489 0.042554208141353
v 0.021944223061218 0.795393960813196 -0.297044581320444 0.01748841589441
v 0.321925513475888 -0.439288890171426 0.158511589706238 0.03574193120195
v 0.492893488816561 -0.090414002170027 0.237257168361525 0.022653957040204
v -0.28748609235532 -0.448893768799861 0.130294105333619 0.031642281404642
v 0.410281413995232 -0.349119739568165 0.236995025985011 0.030867780475655
v 0.412611951667075 -0.083738313736669 0.151158472081212 0.028631810753188
v -0.036637212522048 -0.151804100110504 -0.452773431647543 0.176569584940338
v 0.150922641746587 -0.328232368006186 -0.187068672858462 0.053953264413657
v -0.000465761761036 -0.744330372889328 -0.168553839552946 0.050292100458795
v 0.273520415744846 -0.124235788898094 -0.046365606200861 0.026911437708328
v 0.51181609541904 -0.368052399862645 0.298544532919861 0.03417522117885
v 0.379646401928545 -0.036335927803322 0.097261231688223 0.026842029876179
v 0.596609960358135 -0.288365887051685 0.31366264851144 0.031215573584583
v -0.172077114716102 -0.109922787382523 -0.19705280470659 0.030341406277306
v 0.244374375972734 -0.250670101385631 -0.038025823717411 0.040697411947892
v 0.277011243112543 -0.340186874587473 0.063160408781531 0.036170850276805
v 0.556065407194284 -0.244237053059205 0.297370023701079 0.0196945486225
